20 126.61 127.09 130.05
21 127.77 127.09 129.91
22 129.27 127.35 129.84
23 128.94 127.80 129.80
24 128.99 128.32 129.66
25 130.04 129.00 129.53
26 130.97 129.64 129.47
27 131.25 130.04 129.40
28 131.60 130.57 129.36
29 131.60 131.09 129.33
30 132.08 131.50 129.38
31 131.14 131.53 129.37
32 132.07 131.70 129.46
33 132.20 131.82 129.58
34 132.00 131.90 129.69
35 129.89 131.46 129.76
36 130.63 131.36 129.91
37 131.67 131.28 130.09
38 130.05 130.85 130.26
39 131.78 130.80 130.53
40 131.44 131.11 130.77
41 132.20 131.43 130.99
42 131.79 131.45 131.12
43 132.54 131.95 131.30
44 132.74 132.14 131.48
45 132.22 132.30 131.59
46 132.73 132.40 131.68
47 133.49 132.74 131.79
48 133.71 132.98 131.90
49 135.15 133.46 132.08
50 134.60 133.94 132.20
51 134.88 134.37 132.39
52 134.99 134.67 132.53
53 134.30 134.78 132.64
54 134.01 134.56 132.74
55 133.70 134.38 132.93
56 132.14 133.83 133.01
57 131.43 133.12 132.99
58 133.50 132.96 133.17
59 133.16 132.79 133.24
60 133.60 132.77 133.34
61 134.16 133.17 133.44
62 133.92 133.67 133.55
63 133.29 133.63 133.59
64 133.95 133.78 133.65
65 134.25 133.91 133.75
66 133.28 133.74 133.78
67 131.94 133.34 133.70
68 132.34 133.15 133.63
69 130.34 132.43 133.39
70 127.00 130.98 133.01
71 131.10 130.54 132.82
72 132.21 130.60 132.68
73 132.53 130.64 132.59
74 131.65 130.90 132.47
75 130.62 131.62 132.32
76 130.62 131.53 132.24
77 130.63 131.21 132.20
78 132.08 131.12 132.13
79 133.89 131.57 132.17
80 133.79 132.20 132.18
81 135.68 133.21 132.26
82 136.04 134.30 132.36
83 139.06 135.69 132.65
84 139.49 136.81 132.93
85 139.09 137.87 133.17
86 139.05 138.55 133.46
87 137.66 138.87 133.74
88 136.67 138.39 133.96
89 136.34 137.76 134.26
90 136.91 137.33 134.76
91 135.59 136.63 134.98
92 134.53 136.01 135.10
93 135.13 135.70 135.23
94 135.12 135.46 135.40
95 135.16 135.11 135.63
96 135.80 135.15 135.89
97 134.50 135.14 136.08
98 134.61 135.04 136.21
99 137.01 135.42 136.36
100 135.76 135.54 136.46
101 132.07 134.79 136.28
102 132.16 134.32 136.09
103 131.72 133.74 135.72
104 132.47 132.84 135.37
105 132.83 132.25 135.05
106 131.80 132.20 134.69
107 130.87 131.94 134.35
108 131.21 131.84 134.08
109 132.28 131.80 133.88
110 132.04 131.64 133.63
111 132.61 131.80 133.48
112 132.72 132.17 133.39
113 131.91 132.31 133.23
114 132.71 132.40 133.11
115 133.79 132.75 133.04
116 133.15 132.86 132.91
117 133.24 132.96 132.85
118 133.54 133.29 132.79
119 134.08 133.56 132.65
120 132.55 133.31 132.49
121 132.36 133.15 132.50
122 132.03 132.91 132.50
123 131.12 132.43 132.47
124 131.76 131.96 132.43
125 131.35 131.72 132.36
126 131.56 131.56 132.34
127 130.64 131.29 132.33
128 131.26 131.31 132.33
129 131.88 131.34 132.31
130 131.14 131.30 132.27
131 130.35 131.05 132.16
132 129.57 130.84 132.00
133 130.09 130.61 131.91
134 130.15 130.26 131.78
135 129.08 129.85 131.55
136 128.97 129.57 131.34
137 128.71 129.40 131.11
138 129.05 129.19 130.89
139 129.58 129.08 130.66
140 129.78 129.22 130.52
141 129.42 129.31 130.37
142 129.78 129.52 130.26
143 130.06 129.72 130.21
144 130.06 129.82 130.12
145 129.63 129.79 130.04
146 129.86 129.88 129.95
147 129.24 129.77 129.88
148 127.63 129.28 129.70
149 126.84 128.64 129.45
150 127.21 128.16 129.25
151 127.83 127.75 129.13
152 127.09 127.32 129.00
153 127.72 127.34 128.88
154 127.44 127.46 128.75
155 128.35 127.69 128.71
156 127.80 127.68 128.65
157 127.46 127.75 128.59
158 128.04 127.82 128.54
159 127.37 127.80 128.43
160 127.32 127.60 128.31
161 128.29 127.70 128.25
162 126.36 127.48 128.08
163 125.82 127.03 127.87
164 126.83 126.92 127.71
165 128.44 127.15 127.65
166 128.26 127.14 127.57
167 126.29 127.13 127.42
168 125.75 127.11 127.33
169 124.59 126.67 127.21
170 124.89 125.96 127.10
171 125.32 125.37 126.97
172 125.87 125.28 126.91
173 126.18 125.37 126.83
174 126.66 125.78 126.79
175 126.84 126.17 126.72
176 126.50 126.41 126.65
177 126.50 126.54 126.61
178 126.80 126.66 126.54
179 126.03 126.53 126.48
180 126.19 126.40 126.42
181 125.49 126.20 126.28
182 126.19 126.14 126.27
183 125.15 125.81 126.24
184 125.04 125.61 126.15
185 124.66 125.31 125.96
186 124.16 125.04 125.76
187 123.81 124.56 125.63
188 123.53 124.24 125.52
189 123.47 123.93 125.46
190 123.95 123.78 125.42
191 123.05 123.56 125.30
192 122.24 123.25 125.12
193 121.55 122.85 124.89
194 120.91 122.34 124.60
195 121.27 121.80 124.32
196 120.18 121.23 124.01
197 120.02 120.79 123.68
198 118.89 120.25 123.29
199 118.44 119.76 122.91
200 118.56 119.22 122.53
201 119.52 119.09 122.23
202 118.98 118.88 121.87
203 119.73 119.05 121.60
204 120.15 119.39 121.35
205 118.46 119.37 121.04
206 118.37 119.14 120.75
207 118.79 119.10 120.50
208 118.34 118.82 120.24
209 120.05 118.80 120.07
210 119.32 118.97 119.84
211 121.56 119.61 119.77
212 121.07 120.07 119.71
213 122.10 120.82 119.74
214 121.24 121.06 119.75
215 120.57 121.31 119.72
216 121.22 121.24 119.77
217 121.29 121.28 119.83
218 121.72 121.21 119.97
219 121.92 121.34 120.15
220 121.93 121.62 120.32
221 121.86 121.74 120.43
222 122.25 121.94 120.60
223 122.12 122.02 120.72
224 125.96 122.82 121.01
225 124.89 123.42 121.33
226 124.97 124.04 121.66
227 125.22 124.63 121.98
228 125.36 125.28 122.33
229 125.12 125.11 122.58
230 123.91 124.92 122.81
231 123.50 124.62 122.91
232 124.06 124.39 123.06
233 122.75 123.87 123.09
234 121.84 123.21 123.12
235 120.97 122.62 123.14
236 121.31 122.19 123.15
237 121.16 121.61 123.14
238 120.54 121.16 123.08
239 119.77 120.75 122.97
240 119.65 120.49 122.86
241 120.30 120.28 122.78
242 121.12 120.28 122.73
243 121.92 120.55 122.72
244 121.85 120.97 122.51
245 121.99 121.44 122.37
246 121.89 121.75 122.21
247 121.71 121.87 122.04
248 121.22 121.73 121.83
249 121.89 121.74 121.67
250 121.55 121.65 121.55
251 121.49 121.57 121.45
252 121.58 121.55 121.33
253 120.89 121.48 121.23
254 120.80 121.26 121.18
255 120.87 121.13 121.17
256 120.74 120.98 121.15
257 121.09 120.88 121.14
258 122.06 121.11 121.22
259 122.38 121.43 121.35
260 121.56 121.57 121.45
261 121.88 121.79 121.52
262 121.99 121.97 121.57
263 120.34 121.63 121.49
264 119.78 121.11 121.38
265 119.93 120.78 121.28
266 119.85 120.38 121.18
267 119.65 119.91 121.08
268 118.87 119.62 120.96
269 118.95 119.45 120.81
270 117.87 119.04 120.63
271 117.86 118.64 120.45
272 117.54 118.22 120.24
273 117.93 118.03 120.10
274 117.71 117.78 119.94
275 118.49 117.91 119.82
276 119.51 118.24 119.76
277 119.70 118.67 119.69
278 119.91 119.06 119.59
279 121.50 119.82 119.54
280 121.77 120.48 119.55
281 121.26 120.83 119.52
282 120.68 121.02 119.46
283 120.05 121.05 119.44
284 120.05 120.76 119.45
285 120.69 120.55 119.49
286 120.49 120.39 119.52
287 120.92 120.44 119.59
288 121.13 120.66 119.70
289 122.33 121.11 119.87
290 121.86 121.35 120.07
291 122.80 121.81 120.32
292 122.52 122.13 120.56
293 121.99 122.30 120.77
294 123.19 122.47 121.04
295 123.11 122.72 121.27
296 124.82 123.13 121.54
297 126.37 123.90 121.87
298 126.20 124.74 122.19
299 125.98 125.30 122.41
300 125.83 125.84 122.61
301 126.04 126.08 122.85
302 128.98 126.61 123.27
303 127.17 126.80 123.62
304 128.49 127.30 124.05
305 129.37 128.01 124.48
306 129.72 128.75 124.94
307 129.23 128.80 125.36
308 129.45 129.25 125.77
309 126.92 128.94 126.00
310 127.81 128.63 126.30
311 129.11 128.50 126.61
312 128.94 128.45 126.94
313 128.87 128.33 127.28
314 130.60 129.07 127.65
315 131.50 129.80 128.07
316 131.17 130.22 128.39
317 132.27 130.88 128.68
318 132.76 131.66 129.01
319 132.44 132.03 129.33
320 130.85 131.90 129.58
321 131.32 131.93 129.85
322 132.38 131.95 130.02
323 132.45 131.89 130.28
324 131.53 131.71 130.43
325 131.24 131.78 130.53
326 133.10 132.14 130.70
327 131.22 131.91 130.80
328 131.71 131.76 130.91
329 131.03 131.66 131.11
330 130.38 131.49 131.24
331 129.28 130.72 131.25
332 130.18 130.52 131.31
333 128.04 129.78 131.27
334 128.97 129.37 131.19
335 129.27 129.15 131.08
336 128.19 128.93 130.93
337 128.05 128.50 130.72
338 129.23 128.74 130.54
339 130.51 129.05 130.45
340 131.10 129.42 130.46
341 131.40 130.06 130.46
342 130.84 130.62 130.39
343 131.50 131.07 130.34
344 131.59 131.29 130.34
345 131.41 131.35 130.35
346 129.62 130.99 130.18
347 130.25 130.87 130.13
348 128.78 130.33 129.98
349 129.47 129.91 129.90
350 128.99 129.42 129.83
351 128.68 129.23 129.80
352 129.01 128.99 129.74
353 128.81 128.99 129.78
354 128.66 128.83 129.77
355 128.47 128.73 129.73
356 127.84 128.56 129.71
357 125.33 127.82 129.57
358 125.29 127.12 129.38
359 125.64 126.51 129.13
360 125.97 126.01 128.88
361 124.69 125.38 128.54
362 124.86 125.29 128.24
363 124.66 125.16 127.90
364 124.62 124.96 127.55
365 124.24 124.61 127.19
366 122.10 124.10 126.82
367 121.06 123.34 126.36
368 119.94 122.39 125.92
369 120.59 121.59 125.47
370 121.01 120.94 125.07
371 122.65 121.05 124.77
372 123.56 121.55 124.50
373 123.82 122.33 124.25
374 122.75 122.76 123.95
375 123.85 123.33 123.72
376 123.20 123.44 123.49
377 123.52 123.43 123.40
378 124.58 123.58 123.37
379 123.99 123.83 123.28
380 124.20 123.90 123.19
381 124.76 124.21 123.20
382 125.09 124.52 123.21
383 125.30 124.67 123.24
384 124.09 124.69 123.21
385 124.16 124.68 123.21
386 123.94 124.52 123.30
387 123.12 124.12 123.41
388 124.90 124.04 123.65
389 124.81 124.19 123.87
390 125.14 124.38 124.07
391 124.64 124.52 124.17
392 124.14 124.73 124.20
393 123.10 124.37 124.16
394 123.41 124.09 124.20
395 123.03 123.66 124.16
396 123.58 123.45 124.17
397 122.47 123.12 124.12
398 123.48 123.19 124.07
399 123.89 123.29 124.06
400 123.26 123.34 124.02
401 123.67 123.35 123.96
402 122.20 123.30 123.82
403 121.58 122.92 123.63
404 121.09 122.36 123.48
405 120.87 121.88 123.32
406 122.79 121.71 123.26
407 123.39 121.94 123.27
408 122.84 122.20 123.17
409 122.41 122.46 123.05
410 121.84 122.65 122.88
411 121.20 122.34 122.71
412 122.85 122.23 122.65
413 121.85 122.03 122.58
414 122.70 122.09 122.55
415 122.97 122.31 122.55
416 122.92 122.66 122.51
417 122.63 122.61 122.52
418 123.06 122.86 122.50
419 123.60 123.04 122.49
420 124.11 123.26 122.53
421 124.86 123.65 122.59
422 124.83 124.09 122.72
423 124.70 124.42 122.88
424 125.01 124.70 123.07
425 124.82 124.84 123.27
426 124.60 124.79 123.36
427 124.61 124.75 123.42
428 124.05 124.62 123.48
429 124.37 124.49 123.58
430 124.53 124.43 123.71
431 124.11 124.33 123.86
432 124.03 124.22 123.92
433 124.47 124.30 124.05
434 124.53 124.33 124.14
435 124.78 124.38 124.23
436 125.62 124.69 124.37
437 125.23 124.93 124.50
438 125.18 125.07 124.60
439 125.18 125.20 124.68
440 125.33 125.31 124.74
441 125.49 125.28 124.77
442 127.63 125.76 124.91
443 127.76 126.28 125.07
444 127.23 126.69 125.18
445 127.12 127.05 125.29
446 126.88 127.32 125.41
447 126.32 127.06 125.49
448 126.01 126.71 125.59
449 125.63 126.39 125.65
450 126.00 126.17 125.73
451 125.69 125.93 125.81
452 125.90 125.85 125.90
453 126.28 125.90 125.99
454 126.40 126.05 126.08
455 127.23 126.30 126.21
456 125.52 126.27 126.20
457 125.24 126.13 126.20
458 125.02 125.88 126.19
459 125.99 125.80 126.23
460 125.55 125.46 126.24
461 126.64 125.69 126.30
462 126.99 126.04 126.27
463 127.68 126.57 126.27
464 127.56 126.88 126.28
465 126.99 127.17 126.28
466 128.05 127.45 126.33
467 127.34 127.52 126.39
468 128.16 127.62 126.49
469 129.41 127.99 126.68
470 128.13 128.22 126.79
471 128.08 128.22 126.91
472 128.09 128.37 127.02
473 128.86 128.51 127.15
474 129.45 128.52 127.30
475 128.99 128.69 127.39
476 128.14 128.71 127.52
477 128.14 128.72 127.66
478 127.76 128.50 127.80
479 127.07 128.02 127.85
480 126.45 127.51 127.90
481 126.36 127.16 127.88
482 126.26 126.78 127.85
483 127.12 126.65 127.82
484 128.76 126.99 127.88
485 129.50 127.60 128.01
486 129.42 128.21 128.07
487 130.36 129.03 128.23
488 131.68 129.94 128.40
489 132.49 130.69 128.56
490 131.49 131.09 128.72
491 131.68 131.54 128.90
492 131.36 131.74 129.07
493 131.69 131.74 129.21
494 132.00 131.64 129.34
495 132.10 131.77 129.49
496 131.86 131.80 129.68
497 132.66 132.06 129.90
498 132.42 132.21 130.14
499 132.34 132.28 130.40
500 132.48 132.35 130.70
501 133.01 132.58 131.03
502 134.55 132.96 131.45
503 134.83 133.44 131.83
504 135.74 134.12 132.18
505 135.94 134.81 132.51
506 137.22 135.66 132.89
507 136.91 136.13 133.22
508 137.37 136.64 133.51
509 136.67 136.82 133.72
510 137.67 137.17 134.03
511 138.32 137.39 134.36
512 139.53 137.91 134.77
513 140.89 138.62 135.23
514 141.38 139.56 135.69
515 141.10 140.24 136.14
516 139.89 140.56 136.55
517 141.23 140.90 136.97
518 144.21 141.56 137.56
519 144.08 142.10 138.15
520 142.28 142.34 138.64
521 141.90 142.74 139.09
522 143.58 143.21 139.54
523 142.48 142.86 139.92
524 142.13 142.47 140.24
525 140.57 142.13 140.47
526 140.26 141.80 140.62
527 142.92 141.67 140.92
528 143.63 141.90 141.24
529 142.07 141.89 141.51
530 143.09 142.39 141.78
531 143.99 143.14 142.06
532 145.66 143.69 142.37
533 145.50 144.06 142.60
534 145.37 144.72 142.80
535 146.62 145.43 143.07
536 146.45 145.92 143.40
537 147.27 146.24 143.70
538 147.64 146.67 143.87
539 146.30 146.86 143.99
540 144.95 146.52 144.12
541 144.10 146.05 144.23
542 145.32 145.66 144.32
543 145.12 145.16 144.45
544 144.57 144.81 144.57
545 143.01 144.42 144.69
546 142.27 144.06 144.79
547 142.35 143.46 144.76
548 140.49 142.54 144.61
549 139.37 141.50 144.47
550 140.31 140.96 144.33
551 140.59 140.62 144.16
552 140.77 140.31 143.92
553 141.19 140.45 143.70
554 141.08 140.79 143.49
555 140.99 140.92 143.21
556 142.57 141.32 143.01
557 143.33 141.83 142.82
558 143.83 142.36 142.63
559 143.18 142.78 142.47
560 143.36 143.25 142.39
561 144.99 143.74 142.43
562 143.23 143.72 142.33
563 144.28 143.81 142.29
564 144.89 144.15 142.30
565 144.35 144.35 142.37
566 144.67 144.28 142.49
567 142.77 144.19 142.51
568 143.53 144.04 142.66
569 142.83 143.63 142.84
570 143.03 143.37 142.97
571 143.32 143.10 143.11
572 141.93 142.93 143.17
573 141.40 142.50 143.18
574 140.62 142.06 143.16
575 147.74 143.00 143.49
576 151.15 144.57 143.92
577 151.73 146.53 144.34
578 151.97 148.64 144.75
579 152.73 151.06 145.23
580 153.31 152.18 145.72
581 151.79 152.31 146.06
582 148.08 151.58 146.31
583 150.53 151.29 146.62
584 149.14 150.57 146.83
585 150.19 149.95 147.12
586 151.76 149.94 147.48
587 151.86 150.70 147.93
588 151.81 150.95 148.35
589 152.33 151.59 148.82
590 153.13 152.18 149.33
591 151.67 152.16 149.74
592 151.06 152.00 150.20
593 151.28 151.89 150.69
594 154.20 152.27 151.37
595 153.03 152.25 151.64
596 153.72 152.66 151.77
597 155.93 153.63 151.98
598 156.42 154.66 152.20
599 155.54 154.93 152.34
600 155.61 155.44 152.45
601 155.70 155.84 152.65
602 156.26 155.91 153.06
603 156.01 155.82 153.33
604 156.16 155.95 153.68
605 155.58 155.94 153.95
606 155.53 155.91 154.14
607 154.38 155.53 154.27
608 152.65 154.86 154.31
609 153.24 154.28 154.36
610 153.65 153.89 154.38
611 152.94 153.37 154.44
612 154.08 153.31 154.60
613 152.87 153.36 154.67
614 152.50 153.21 154.59
615 153.37 153.15 154.61
616 152.82 153.13 154.56
617 151.90 152.69 154.36
618 152.07 152.53 154.14
619 153.83 152.80 154.06
620 150.89 152.30 153.82
621 149.44 151.63 153.51
622 148.69 150.98 153.13
623 148.74 150.32 152.77
624 149.08 149.37 152.41
625 149.31 149.05 152.10
626 149.27 149.02 151.79
627 150.66 149.41 151.60
628 151.42 149.95 151.54
629 150.99 150.33 151.43
630 151.33 150.73 151.31
631 149.63 150.81 151.14
632 150.41 150.76 150.96
633 151.18 150.71 150.88
634 151.59 150.83 150.83
635 152.56 151.07 150.79
636 152.59 151.67 150.78
637 150.96 151.78 150.73
638 150.81 151.70 150.67
639 150.82 151.55 150.52
640 150.29 151.09 150.49
641 150.40 150.66 150.54
642 150.42 150.55 150.62
643 151.06 150.60 150.74
644 150.21 150.48 150.80
645 151.72 150.76 150.92
646 153.34 151.35 151.12
647 152.98 151.86 151.24
648 152.75 152.20 151.30
649 153.01 152.76 151.40
650 153.62 153.14 151.52
651 152.73 153.02 151.67
652 150.83 152.59 151.69
653 150.40 152.12 151.65
654 149.46 151.41 151.55
655 148.53 150.39 151.35
656 150.48 149.94 151.24
657 151.47 150.07 151.27
658 150.61 150.11 151.26
659 149.42 150.10 151.19
660 149.83 150.36 151.16
661 150.50 150.37 151.17
662 149.26 149.92 151.11
663 150.53 149.91 151.08
664 151.85 150.39 151.17
665 152.05 150.84 151.18
666 152.10 151.16 151.12
667 152.54 151.81 151.10
668 152.96 152.30 151.11
669 152.61 152.45 151.09
670 152.92 152.63 151.05
671 154.26 153.06 151.13
672 153.85 153.32 151.28
673 152.89 153.31 151.41
674 151.04 152.99 151.48
675 151.91 152.79 151.65
676 152.58 152.45 151.76
677 152.84 152.25 151.83
678 154.94 152.66 152.04
679 155.02 153.46 152.32
680 155.73 154.22 152.62
681 155.94 154.89 152.89
682 155.91 155.51 153.22
683 156.49 155.82 153.52
684 157.88 156.39 153.82
685 157.83 156.81 154.11
686 157.55 157.13 154.38
687 157.67 157.48 154.64
688 157.77 157.74 154.88
689 158.45 157.85 155.17
690 159.65 158.22 155.51
691 158.37 158.38 155.72
692 157.96 158.44 155.92
693 158.11 158.51 156.18
694 158.70 158.56 156.56
695 158.03 158.23 156.87
696 159.27 158.41 157.21
697 158.53 158.53 157.49
698 158.00 158.51 157.64
699 157.27 158.22 157.76
700 156.02 157.82 157.77
701 155.76 157.12 157.76
702 156.34 156.68 157.78
703 155.75 156.23 157.75
704 157.06 156.19 157.70
705 157.18 156.42 157.67
706 157.36 156.74 157.66
707 157.74 157.02 157.67
708 158.47 157.56 157.70
709 158.50 157.85 157.70
710 158.38 158.09 157.64
711 159.27 158.47 157.69
712 157.61 158.45 157.67
713 157.43 158.24 157.63
714 157.89 158.12 157.59
715 156.89 157.82 157.54
716 157.63 157.49 157.45
717 157.99 157.57 157.43
718 157.40 157.56 157.40
719 157.49 157.48 157.41
720 158.21 157.74 157.52
721 158.63 157.94 157.66
722 158.14 157.97 157.75
723 158.47 158.19 157.89
724 158.74 158.44 157.97
725 158.37 158.47 158.03
726 159.39 158.62 158.13
727 161.02 159.20 158.30
728 161.60 159.82 158.45
729 160.96 160.27 158.58
730 161.49 160.89 158.73
731 161.69 161.35 158.85
732 163.93 161.93 159.17
733 164.71 162.56 159.53
734 163.98 163.16 159.84
735 164.27 163.72 160.21
736 165.98 164.57 160.62
737 167.43 165.27 161.09
738 168.24 165.98 161.64
739 168.35 166.85 162.18
740 168.18 167.64 162.68
741 167.73 167.99 163.13
742 166.61 167.82 163.56
743 168.39 167.85 164.05
744 169.76 168.13 164.60
745 169.24 168.35 165.15
746 167.99 168.40 165.58
747 169.36 168.95 165.99
748 168.19 168.91 166.32
749 168.12 168.58 166.68
750 167.37 168.21 166.98
751 170.66 168.74 167.42
752 170.78 169.02 167.77
753 170.36 169.46 168.05
754 170.51 169.94 168.38
755 171.79 170.82 168.75
756 172.51 171.19 169.08
757 173.74 171.78 169.39
758 171.80 172.07 169.57
759 171.36 172.24 169.72
760 171.62 172.21 169.89
761 172.53 172.21 170.13
762 172.95 172.05 170.45
763 169.41 171.57 170.50
764 171.12 171.53 170.57
765 171.51 171.50 170.68
766 170.65 171.13 170.82
767 170.61 170.66 170.88
768 171.50 171.08 171.05
769 171.88 171.23 171.23
770 173.47 171.62 171.54
771 172.09 171.91 171.61
772 168.75 171.54 171.51
773 170.15 171.27 171.50
774 170.97 171.09 171.52
775 169.25 170.24 171.39
776 169.66 169.76 171.25
777 168.12 169.63 170.97
778 165.14 168.63 170.64
779 165.95 167.62 170.37
780 165.82 166.94 170.08
781 166.54 166.31 169.78
782 168.21 166.33 169.54
783 168.58 167.02 169.50
784 170.29 167.89 169.46
785 170.31 168.79 169.40
786 170.01 169.48 169.37
787 170.82 170.00 169.38
788 170.76 170.44 169.34
789 170.57 170.49 169.27
790 170.85 170.60 169.14
791 170.63 170.73 169.07
792 170.79 170.72 169.17
793 170.50 170.67 169.19
794 170.61 170.68 169.17
795 170.09 170.52 169.21
796 169.55 170.31 169.21
797 169.22 169.99 169.26
798 170.32 169.96 169.52
799 171.20 170.08 169.78
800 172.50 170.56 170.12
801 172.77 171.20 170.43
802 171.92 171.74 170.61
803 171.07 171.89 170.74
804 170.78 171.81 170.76
805 169.28 171.16 170.71
806 168.66 170.34 170.64
807 169.45 169.85 170.58
808 168.36 169.31 170.46
809 169.25 169.00 170.39
810 168.73 168.89 170.28
811 168.61 168.88 170.18
812 169.27 168.84 170.11
813 168.89 168.95 170.03
814 169.61 169.02 169.98
815 171.25 169.53 170.03
816 171.96 170.20 170.16
817 172.48 170.84 170.32
818 172.71 171.60 170.44
819 172.38 172.16 170.50
820 171.14 172.13 170.43
821 171.04 171.95 170.34
822 170.76 171.61 170.28
823 171.63 171.39 170.31
824 170.32 170.98 170.29
825 169.58 170.67 170.30
826 170.46 170.55 170.39
827 170.89 170.58 170.47
828 171.92 170.63 170.64
829 172.17 171.00 170.79
830 172.31 171.55 170.97
831 172.37 171.93 171.16
832 172.74 172.30 171.33
833 172.06 172.33 171.49
834 172.14 172.32 171.62
835 171.41 172.14 171.62
836 172.67 172.20 171.66
837 172.57 172.17 171.66
838 172.92 172.34 171.67
839 172.55 172.42 171.68
840 172.87 172.72 171.77
841 172.14 172.61 171.82
842 171.91 172.48 171.88
843 172.52 172.40 171.93
844 172.02 172.29 172.01
845 170.82 171.88 172.07
846 170.61 171.58 172.08
847 170.89 171.37 172.08
848 170.62 170.99 172.02
849 170.55 170.70 171.93
850 171.43 170.82 171.89
851 171.67 171.03 171.86
852 171.64 171.18 171.80
853 171.94 171.45 171.79
854 171.46 171.63 171.76
855 170.09 171.36 171.69
856 170.03 171.03 171.56
857 170.85 170.87 171.48
858 171.55 170.80 171.41
859 171.73 170.85 171.37
860 171.83 171.20 171.31
861 172.10 171.61 171.31
862 172.37 171.92 171.34
863 172.22 172.05 171.32
864 171.41 171.99 171.29
865 171.38 171.90 171.32
866 172.52 171.98 171.41
867 173.18 172.14 171.53
868 173.07 172.31 171.65
869 173.37 172.70 171.79
870 173.35 173.10 171.89
871 173.61 173.32 171.99
872 173.69 173.42 172.09
873 173.32 173.47 172.16
874 173.13 173.42 172.24
875 172.75 173.30 172.37
876 172.93 173.16 172.52
877 172.53 172.93 172.60
878 173.60 172.99 172.70
879 174.17 173.20 172.83
880 174.83 173.61 172.98
881 175.30 174.09 173.14
882 175.18 174.62 173.28
883 174.39 174.77 173.39
884 174.01 174.74 173.52
885 174.29 174.63 173.66
886 173.60 174.29 173.72
887 173.59 173.98 173.74
888 173.68 173.83 173.77
889 174.38 173.91 173.82
890 174.24 173.90 173.86
891 173.05 173.79 173.83
892 173.30 173.73 173.81
893 173.24 173.64 173.81
894 172.99 173.36 173.80
895 173.00 173.12 173.81
896 172.85 173.08 173.81
897 173.01 173.02 173.83
898 173.07 172.98 173.81
899 173.99 173.18 173.80
900 173.71 173.33 173.74
901 172.63 173.28 173.61
902 173.12 173.30 173.51
903 173.15 173.32 173.45
904 172.26 172.97 173.36
905 171.66 172.56 173.23
906 171.39 172.32 173.12
907 171.69 172.03 173.02
908 171.87 171.77 172.93
909 171.04 171.53 172.76
910 171.07 171.41 172.60
911 171.17 171.37 172.51
912 171.60 171.35 172.43
913 171.21 171.22 172.32
914 172.33 171.48 172.29
915 172.28 171.72 172.25
916 172.48 171.98 172.24
917 172.52 172.16 172.21
918 172.25 172.37 172.17
919 172.11 172.33 172.08
920 172.08 172.29 172.00
921 172.79 172.35 172.00
922 173.41 172.53 172.02
923 173.29 172.74 172.03
924 172.67 172.85 172.05
925 172.09 172.85 172.07
926 170.60 172.41 172.03
927 170.78 171.89 171.98
928 171.21 171.47 171.95
929 173.17 171.57 172.06
930 174.15 171.98 172.21
931 174.02 172.67 172.35
932 174.49 173.41 172.50
933 176.46 174.46 172.76
934 179.52 175.73 173.12
935 177.98 176.49 173.40
936 178.13 177.32 173.69
937 178.41 178.10 173.98
938 177.27 178.26 174.23
939 177.72 177.90 174.51
940 177.68 177.84 174.79
941 177.83 177.78 175.04
942 176.56 177.41 175.20
943 175.55 177.07 175.31
944 175.24 176.57 175.44
945 174.98 176.03 175.59
946 174.08 175.28 175.76
947 175.05 174.98 175.97
948 173.78 174.63 176.10
949 172.12 174.00 176.05
950 170.37 173.08 175.86
951 169.44 172.15 175.63
952 170.93 171.33 175.45
953 172.41 171.05 175.25
954 172.69 171.17 174.91
955 172.50 171.59 174.64
956 171.92 172.09 174.33
957 173.23 172.55 174.07
958 173.87 172.84 173.90
959 174.11 173.13 173.72
960 174.51 173.53 173.56
961 174.14 173.97 173.37
962 174.94 174.31 173.29
963 181.75 175.89 173.60
964 181.95 177.46 173.94
965 183.01 179.16 174.34
966 182.46 180.82 174.76
967 181.58 182.15 175.09
968 181.89 182.18 175.49
969 184.27 182.64 176.10
970 182.29 182.50 176.69
971 182.23 182.45 177.33
972 182.59 182.65 177.92
973 182.35 182.75 178.41
974 182.77 182.45 178.92
975 185.29 183.05 179.56
976 185.37 183.67 180.23
977 185.24 184.20 180.83
978 185.08 184.75 181.39
979 185.56 185.31 181.96
980 185.73 185.40 182.52
981 185.58 185.44 183.10
982 186.23 185.64 183.66
983 186.67 185.95 183.91
984 188.22 186.49 184.22
985 187.59 186.86 184.45
986 189.37 187.62 184.79
987 189.19 188.21 185.18
988 187.31 188.34 185.45
989 185.35 187.76 185.50
990 186.85 187.61 185.73
991 186.53 187.05 185.94
992 184.22 186.05 186.03
993 184.04 185.40 186.11
994 185.11 185.35 186.23
995 186.37 185.25 186.28
996 186.70 185.29 186.35
997 187.17 185.88 186.44
998 186.86 186.44 186.53
999 187.24 186.87 186.62
1000 187.54 187.10 186.71
1001 187.01 187.16 186.78
1002 184.19 186.57 186.68
1003 182.16 185.63 186.45
1004 179.80 184.14 186.03
1005 180.48 182.73 185.67
1006 180.97 181.52 185.25
1007 179.08 180.50 184.75
1008 178.49 179.76 184.31
1009 179.44 179.69 184.01
1010 176.66 178.93 183.50
1011 177.54 178.24 183.05
1012 177.89 178.00 182.74
1013 179.59 178.22 182.51
1014 178.84 178.10 182.20
1015 178.07 178.39 181.79
1016 176.65 178.21 181.28
1017 178.84 178.40 180.87
1018 178.68 178.22 180.46
1019 178.38 178.12 180.01
1020 178.27 178.16 179.55
1021 177.05 178.24 179.05
1022 176.48 177.77 178.67
1023 178.55 177.75 178.49
1024 177.96 177.66 178.40
1025 180.19 178.05 178.38
1026 181.28 178.89 178.40
1027 180.48 179.69 178.47
1028 183.10 180.60 178.70
1029 183.16 181.64 178.88
1030 182.82 182.17 179.19
1031 181.81 182.27 179.40
1032 183.03 182.78 179.66
1033 183.42 182.85 179.85
1034 183.72 182.96 180.10
1035 183.05 183.01 180.35
1036 183.73 183.39 180.70
1037 183.81 183.55 180.95
1038 184.87 183.84 181.26
1039 183.97 183.89 181.54
1040 184.74 184.22 181.86
1041 184.49 184.38 182.23
1042 183.88 184.39 182.60
1043 182.83 183.98 182.82
1044 182.97 183.78 183.07
1045 181.94 183.22 183.16
1046 183.42 183.01 183.26
1047 182.79 182.79 183.38
1048 181.53 182.53 183.30
1049 180.73 182.08 183.18
1050 179.14 181.52 182.99
1051 180.03 180.84 182.90
1052 179.18 180.12 182.71
1053 179.54 179.72 182.52
1054 178.21 179.22 182.24
1055 179.32 179.26 182.06
1056 179.08 179.07 181.82
1057 178.06 178.84 181.54
1058 177.79 178.49 181.18
1059 177.23 178.30 180.84
1060 177.46 177.92 180.48
1061 178.20 177.75 180.17
1062 177.75 177.69 179.86
1063 177.39 177.61 179.59
1064 177.52 177.66 179.32
1065 177.58 177.69 179.10
1066 177.96 177.64 178.82
1067 178.28 177.75 178.60
1068 178.65 178.00 178.46
1069 177.32 177.96 178.28
1070 175.99 177.64 178.13
1071 175.94 177.24 177.92
1072 176.67 176.91 177.80
1073 177.04 176.59 177.67
1074 177.93 176.71 177.66
1075 178.15 177.15 177.60
1076 177.70 177.50 177.53
1077 178.60 177.88 177.56
1078 180.42 178.56 177.69
1079 180.03 178.98 177.83
1080 180.52 179.45 177.98
1081 181.53 180.22 178.15
1082 183.83 181.27 178.45
1083 183.78 181.94 178.77
1084 181.86 182.30 178.99
1085 184.52 183.10 179.34
1086 184.75 183.75 179.68
1087 187.04 184.39 180.11
1088 187.83 185.20 180.57
1089 187.66 186.36 181.09
1090 188.23 187.10 181.70
1091 188.09 187.77 182.31
1092 187.72 187.91 182.86
1093 187.47 187.83 183.38
1094 188.31 187.96 183.90
1095 189.69 188.26 184.48
1096 188.26 188.29 185.01
1097 188.18 188.38 185.49
1098 189.31 188.75 185.93
1099 189.86 189.06 186.42
1100 189.60 189.04 186.88
1101 189.88 189.37 187.29
1102 189.75 189.68 187.59
1103 190.45 189.91 187.92
1104 190.63 190.06 188.36
1105 191.26 190.39 188.70
1106 191.49 190.72 189.04
1107 191.11 190.99 189.24
1108 191.56 191.21 189.43
1109 190.68 191.22 189.58
1110 191.63 191.29 189.75
1111 192.00 191.40 189.94
1112 192.50 191.67 190.18
1113 193.05 191.97 190.46
1114 195.50 192.94 190.82
1115 195.48 193.71 191.11
1116 194.86 194.28 191.44
1117 195.33 194.84 191.80
1118 195.00 195.23 192.08
1119 194.48 195.03 192.31
1120 194.48 194.83 192.56
1121 193.15 194.49 192.72
1122 192.75 193.97 192.87
1123 192.53 193.48 192.97
1124 192.59 193.10 193.07
1125 192.02 192.61 193.11
1126 190.67 192.11 193.07
1127 191.53 191.87 193.09
1128 189.17 191.20 192.97
1129 185.59 189.80 192.72
1130 186.99 188.79 192.48
1131 190.03 188.66 192.39
1132 191.30 188.62 192.33
1133 193.11 189.40 192.33
1134 193.61 191.01 192.23
1135 193.88 192.39 192.15
1136 193.60 193.10 192.09
1137 192.70 193.38 191.96
1138 193.70 193.50 191.89
1139 192.53 193.28 191.80
1140 192.03 192.91 191.67
1141 191.68 192.53 191.60
1142 192.83 192.55 191.60
1143 193.61 192.54 191.66
1144 193.47 192.72 191.70
1145 193.88 193.09 191.80
1146 193.16 193.39 191.92
1147 193.64 193.55 192.03
1148 194.96 193.82 192.31
1149 193.57 193.84 192.71
1150 192.65 193.60 193.00
1151 194.40 193.84 193.22
1152 195.05 194.13 193.40
1153 194.10 193.95 193.45
1154 194.33 194.11 193.49
1155 194.72 194.52 193.53
1156 193.97 194.43 193.55
1157 194.91 194.41 193.66
1158 194.43 194.47 193.70
1159 193.81 194.37 193.76
1160 190.68 193.56 193.69
1161 187.52 192.27 193.48
1162 186.86 190.66 193.19
1163 185.95 188.96 192.80
1164 186.75 187.55 192.47
1165 186.88 186.79 192.12
1166 186.12 186.51 191.77
1167 184.14 185.97 191.29
1168 184.66 185.71 190.78
1169 182.94 184.95 190.24
1170 180.89 183.75 189.66
1171 182.43 183.01 189.06
1172 185.20 183.22 188.56
1173 184.72 183.24 188.10
1174 186.64 183.98 187.71
1175 186.46 185.09 187.30
1176 186.08 185.82 186.90
1177 184.59 185.70 186.39
1178 186.98 186.15 186.02
1179 186.66 186.15 185.66
1180 183.38 185.54 185.29
1181 183.20 184.96 185.08
1182 183.11 184.67 184.89
1183 181.69 183.61 184.68
1184 181.86 182.65 184.43
1185 181.34 182.24 184.15
1186 181.62 181.92 183.93
1187 182.48 181.80 183.85
1188 182.55 181.97 183.74
1189 183.26 182.25 183.76
1190 183.93 182.77 183.91
1191 184.23 183.29 184.00
1192 183.62 183.52 183.92
1193 182.48 183.50 183.81
1194 184.03 183.66 183.68
1195 184.20 183.71 183.56
1196 184.17 183.70 183.47
1197 185.02 183.98 183.49
1198 185.26 184.54 183.40
1199 184.91 184.71 183.32
1200 186.21 185.11 183.46
1201 185.51 185.38 183.57
1202 185.46 185.47 183.69
1203 184.30 185.28 183.82
1204 184.14 185.12 183.94
1205 185.45 184.97 184.14
1206 186.27 185.12 184.37
1207 186.78 185.39 184.59
1208 186.99 185.93 184.81
1209 185.30 186.16 184.91
1210 185.76 186.22 185.00
1211 186.28 186.22 185.11
1212 186.22 186.11 185.24
1213 187.19 186.15 185.47
1214 186.60 186.41 185.60
1215 186.40 186.54 185.71
1216 187.43 186.77 185.87
1217 187.81 187.09 186.01
1218 188.39 187.33 186.17
1219 187.90 187.59 186.32
1220 185.84 187.47 186.30
1221 184.73 186.93 186.26
1222 185.44 186.46 186.26
1223 185.37 185.86 186.31
1224 184.60 185.20 186.34
1225 185.41 185.11 186.34
1226 185.28 185.22 186.29
1227 184.26 184.98 186.16
1228 185.75 185.06 186.10
1229 186.10 185.36 186.14
1230 185.52 185.38 186.13
1231 184.56 185.24 186.04
1232 184.65 185.32 185.96
1233 184.82 185.13 185.84
1234 183.63 184.64 185.69
1235 183.59 184.25 185.55
1236 183.26 183.99 185.35
1237 183.55 183.77 185.13
1238 182.66 183.34 184.85
1239 180.88 182.79 184.49
1240 180.56 182.18 184.23
1241 179.99 181.53 183.99
1242 179.37 180.69 183.69
1243 179.82 180.12 183.41
1244 179.31 179.81 183.15
1245 178.60 179.42 182.81
