130.57
130.62
129.76
131.79
132.76
132.1
132.57
132.51
132.15
131.01
131.39
130.25
129.88
129.74
128.44
127.78
127.99
126.68
126.41
126.61
127.77
129.27
128.94
128.99
130.04
130.97
131.25
131.6
131.6
132.08
131.14
132.07
132.2
132
129.89
130.63
131.67
130.05
131.78
131.44
132.2
131.79
132.54
132.74
132.22
132.73
133.49
133.71
135.15
134.6
134.88
134.99
134.3
134.01
133.7
132.14
131.43
133.5
133.16
133.6
134.16
133.92
133.29
133.95
134.25
133.28
131.94
132.34
130.34
127
131.1
132.21
132.53
131.65
130.62
130.62
130.63
132.08
133.89
133.79
135.68
136.04
139.06
139.49
139.09
139.05
137.66
136.67
136.34
136.91
135.59
134.53
135.13
135.12
135.16
135.8
134.5
134.61
137.01
135.76
132.07
132.16
131.72
132.47
132.83
131.8
130.87
131.21
132.28
132.04
132.61
132.72
131.91
132.71
133.79
133.15
133.24
133.54
134.08
132.55
132.36
132.03
131.12
131.76
131.35
131.56
130.64
131.26
131.88
131.14
130.35
129.57
130.09
130.15
129.08
128.97
128.71
129.05
129.58
129.78
129.42
129.78
130.06
130.06
129.63
129.86
129.24
127.63
126.84
127.21
127.83
127.09
127.72
127.44
128.35
127.8
127.46
128.04
127.37
127.32
128.29
126.36
125.82
126.83
128.44
128.26
126.29
125.75
124.59
124.89
125.32
125.87
126.18
126.66
126.84
126.5
126.5
126.8
126.03
126.19
125.49
126.19
125.15
125.04
124.66
124.16
123.81
123.53
123.47
123.95
123.05
122.24
121.55
120.91
121.27
120.18
120.02
118.89
118.44
118.56
119.52
118.98
119.73
120.15
118.46
118.37
118.79
118.34
120.05
119.32
121.56
121.07
122.1
121.24
120.57
121.22
121.29
121.72
121.92
121.93
121.86
122.25
122.12
125.96
124.89
124.97
125.22
125.36
125.12
123.91
123.5
124.06
122.75
121.84
120.97
121.31
121.16
120.54
119.77
119.65
120.3
121.12
121.92
121.85
121.99
121.89
121.71
121.22
121.89
121.55
121.49
121.58
120.89
120.8
120.87
120.74
121.09
122.06
122.38
121.56
121.88
121.99
120.34
119.78
119.93
119.85
119.65
118.87
118.95
117.87
117.86
117.54
117.93
117.71
118.49
119.51
119.7
119.91
121.5
121.77
121.26
120.68
120.05
120.05
120.69
120.49
120.92
121.13
122.33
121.86
122.8
122.52
121.99
123.19
123.11
124.82
126.37
126.2
125.98
125.83
126.04
128.98
127.17
128.49
129.37
129.72
129.23
129.45
126.92
127.81
129.11
128.94
128.87
130.6
131.5
131.17
132.27
132.76
132.44
130.85
131.32
132.38
132.45
131.53
131.24
133.1
131.22
131.71
131.03
130.38
129.28
130.18
128.04
128.97
129.27
128.19
128.05
129.23
130.51
131.1
131.4
130.84
131.5
131.59
131.41
129.62
130.25
128.78
129.47
128.99
128.68
129.01
128.81
128.66
128.47
127.84
125.33
125.29
125.64
125.97
124.69
124.86
124.66
124.62
124.24
122.1
121.06
119.94
120.59
121.01
122.65
123.56
123.82
122.75
123.85
123.2
123.52
124.58
123.99
124.2
124.76
125.09
125.3
124.09
124.16
123.94
123.12
124.9
124.81
125.14
124.64
124.14
123.1
123.41
123.03
123.58
122.47
123.48
123.89
123.26
123.67
122.2
121.58
121.09
120.87
122.79
123.39
122.84
122.41
121.84
121.2
122.85
121.85
122.7
122.97
122.92
122.63
123.06
123.6
124.11
124.86
124.83
124.7
125.01
124.82
124.6
124.61
124.05
124.37
124.53
124.11
124.03
124.47
124.53
124.78
125.62
125.23
125.18
125.18
125.33
125.49
127.63
127.76
127.23
127.12
126.88
126.32
126.01
125.63
126
125.69
125.9
126.28
126.4
127.23
125.52
125.24
125.02
125.99
125.55
126.64
126.99
127.68
127.56
126.99
128.05
127.34
128.16
129.41
128.13
128.08
128.09
128.86
129.45
128.99
128.14
128.14
127.76
127.07
126.45
126.36
126.26
127.12
128.76
129.5
129.42
130.36
131.68
132.49
131.49
131.68
131.36
131.69
132
132.1
131.86
132.66
132.42
132.34
132.48
133.01
134.55
134.83
135.74
135.94
137.22
136.91
137.37
136.67
137.67
138.32
139.53
140.89
141.38
141.1
139.89
141.23
144.21
144.08
142.28
141.9
143.58
142.48
142.13
140.57
140.26
142.92
143.63
142.07
143.09
143.99
145.66
145.5
145.37
146.62
146.45
147.27
147.64
146.3
144.95
144.1
145.32
145.12
144.57
143.01
142.27
142.35
140.49
139.37
140.31
140.59
140.77
141.19
141.08
140.99
142.57
143.33
143.83
143.18
143.36
144.99
143.23
144.28
144.89
144.35
144.67
142.77
143.53
142.83
143.03
143.32
141.93
141.4
140.62
147.74
151.15
151.73
151.97
152.73
153.31
151.79
148.08
150.53
149.14
150.19
151.76
151.86
151.81
152.33
153.13
151.67
151.06
151.28
154.2
153.03
153.72
155.93
156.42
155.54
155.61
155.7
156.26
156.01
156.16
155.58
155.53
154.38
152.65
153.24
153.65
152.94
154.08
152.87
152.5
153.37
152.82
151.9
152.07
153.83
150.89
149.44
148.69
148.74
149.08
149.31
149.27
150.66
151.42
150.99
151.33
149.63
150.41
151.18
151.59
152.56
152.59
150.96
150.81
150.82
150.29
150.4
150.42
151.06
150.21
151.72
153.34
152.98
152.75
153.01
153.62
152.73
150.83
150.4
149.46
148.53
150.48
151.47
150.61
149.42
149.83
150.5
149.26
150.53
151.85
152.05
152.1
152.54
152.96
152.61
152.92
154.26
153.85
152.89
151.04
151.91
152.58
152.84
154.94
155.02
155.73
155.94
155.91
156.49
157.88
157.83
157.55
157.67
157.77
158.45
159.65
158.37
157.96
158.11
158.7
158.03
159.27
158.53
158
157.27
156.02
155.76
156.34
155.75
157.06
157.18
157.36
157.74
158.47
158.5
158.38
159.27
157.61
157.43
157.89
156.89
157.63
157.99
157.4
157.49
158.21
158.63
158.14
158.47
158.74
158.37
159.39
161.02
161.6
160.96
161.49
161.69
163.93
164.71
163.98
164.27
165.98
167.43
168.24
168.35
168.18
167.73
166.61
168.39
169.76
169.24
167.99
169.36
168.19
168.12
167.37
170.66
170.78
170.36
170.51
171.79
172.51
173.74
171.8
171.36
171.62
172.53
172.95
169.41
171.12
171.51
170.65
170.61
171.5
171.88
173.47
172.09
168.75
170.15
170.97
169.25
169.66
168.12
165.14
165.95
165.82
166.54
168.21
168.58
170.29
170.31
170.01
170.82
170.76
170.57
170.85
170.63
170.79
170.5
170.61
170.09
169.55
169.22
170.32
171.2
172.5
172.77
171.92
171.07
170.78
169.28
168.66
169.45
168.36
169.25
168.73
168.61
169.27
168.89
169.61
171.25
171.96
172.48
172.71
172.38
171.14
171.04
170.76
171.63
170.32
169.58
170.46
170.89
171.92
172.17
172.31
172.37
172.74
172.06
172.14
171.41
172.67
172.57
172.92
172.55
172.87
172.14
171.91
172.52
172.02
170.82
170.61
170.89
170.62
170.55
171.43
171.67
171.64
171.94
171.46
170.09
170.03
170.85
171.55
171.73
171.83
172.1
172.37
172.22
171.41
171.38
172.52
173.18
173.07
173.37
173.35
173.61
173.69
173.32
173.13
172.75
172.93
172.53
173.6
174.17
174.83
175.3
175.18
174.39
174.01
174.29
173.6
173.59
173.68
174.38
174.24
173.05
173.3
173.24
172.99
173
172.85
173.01
173.07
173.99
173.71
172.63
173.12
173.15
172.26
171.66
171.39
171.69
171.87
171.04
171.07
171.17
171.6
171.21
172.33
172.28
172.48
172.52
172.25
172.11
172.08
172.79
173.41
173.29
172.67
172.09
170.6
170.78
171.21
173.17
174.15
174.02
174.49
176.46
179.52
177.98
178.13
178.41
177.27
177.72
177.68
177.83
176.56
175.55
175.24
174.98
174.08
175.05
173.78
172.12
170.37
169.44
170.93
172.41
172.69
172.5
171.92
173.23
173.87
174.11
174.51
174.14
174.94
181.75
181.95
183.01
182.46
181.58
181.89
184.27
182.29
182.23
182.59
182.35
182.77
185.29
185.37
185.24
185.08
185.56
185.73
185.58
186.23
186.67
188.22
187.59
189.37
189.19
187.31
185.35
186.85
186.53
184.22
184.04
185.11
186.37
186.7
187.17
186.86
187.24
187.54
187.01
184.19
182.16
179.8
180.48
180.97
179.08
178.49
179.44
176.66
177.54
177.89
179.59
178.84
178.07
176.65
178.84
178.68
178.38
178.27
177.05
176.48
178.55
177.96
180.19
181.28
180.48
183.1
183.16
182.82
181.81
183.03
183.42
183.72
183.05
183.73
183.81
184.87
183.97
184.74
184.49
183.88
182.83
182.97
181.94
183.42
182.79
181.53
180.73
179.14
180.03
179.18
179.54
178.21
179.32
179.08
178.06
177.79
177.23
177.46
178.2
177.75
177.39
177.52
177.58
177.96
178.28
178.65
177.32
175.99
175.94
176.67
177.04
177.93
178.15
177.7
178.6
180.42
180.03
180.52
181.53
183.83
183.78
181.86
184.52
184.75
187.04
187.83
187.66
188.23
188.09
187.72
187.47
188.31
189.69
188.26
188.18
189.31
189.86
189.6
189.88
189.75
190.45
190.63
191.26
191.49
191.11
191.56
190.68
191.63
192
192.5
193.05
195.5
195.48
194.86
195.33
195
194.48
194.48
193.15
192.75
192.53
192.59
192.02
190.67
191.53
189.17
185.59
186.99
190.03
191.3
193.11
193.61
193.88
193.6
192.7
193.7
192.53
192.03
191.68
192.83
193.61
193.47
193.88
193.16
193.64
194.96
193.57
192.65
194.4
195.05
194.1
194.33
194.72
193.97
194.91
194.43
193.81
190.68
187.52
186.86
185.95
186.75
186.88
186.12
184.14
184.66
182.94
180.89
182.43
185.2
184.72
186.64
186.46
186.08
184.59
186.98
186.66
183.38
183.2
183.11
181.69
181.86
181.34
181.62
182.48
182.55
183.26
183.93
184.23
183.62
182.48
184.03
184.2
184.17
185.02
185.26
184.91
186.21
185.51
185.46
184.3
184.14
185.45
186.27
186.78
186.99
185.3
185.76
186.28
186.22
187.19
186.6
186.4
187.43
187.81
188.39
187.9
185.84
184.73
185.44
185.37
184.6
185.41
185.28
184.26
185.75
186.1
185.52
184.56
184.65
184.82
183.63
183.59
183.26
183.55
182.66
180.88
180.56
179.99
179.37
179.82
179.31
178.6
