83.78
82.9
82.61
83.62
83.98
83.82
83.95
83.56
83.87
84.25
84.06
84.09
83.74
83.83
83.19
82.97
82.72
82.33
81.44
81.8
82.04
83.38
83.36
82.9
83.32
83.12
82.81
82.93
82.77
82.6
82.17
83.05
82.72
82.63
82.24
82
82.77
82.11
82.04
81.47
81.63
81.67
82.28
82.31
82.31
82.49
83.26
83.32
83.73
83.63
83.37
83.1
82.95
82.87
82.31
81.94
81.7
81.95
81.92
81.85
82.37
82.39
82.27
82.91
82.83
82.94
82.11
81.87
81.1
79.34
81.38
81.04
81.06
80.98
81.03
81.59
81.66
82.48
83.15
83.48
84.13
84.33
85.18
85.47
85.17
85
84.31
84.01
83.73
83.69
83.17
82.69
82.8
82.33
81.83
82.21
81.76
81.52
82.08
81.19
80.45
80.71
80.33
80.96
81.14
81.03
80.91
81.01
81.41
81.68
81.78
81.86
81.95
82.13
82.05
81.23
80.87
80.82
81.45
81.1
80.85
80.28
80.24
80.19
80.06
80.35
80.46
80.23
80.59
80.91
80.67
80.22
80.2
80.29
80.48
80.55
80.83
80.75
81.03
80.73
80.82
80.75
80.88
80.97
81.01
81.31
80.7
80.24
79.55
78.76
79.15
79.06
79.27
78.85
78.67
78.41
78.29
77.92
77.99
77.86
77.96
77.44
77.34
77.18
79.1
78.12
77.5
77.13
77.17
76.99
77.01
76.91
76.81
76.69
76.93
76.75
76.83
76.89
77
77.45
76.76
76.92
76.73
77.01
76.97
76.82
76.96
77.48
77.38
77.57
77.58
77.16
76.95
76.7
76.82
76.65
76.26
76.75
76.64
76.32
76.48
76.46
76.63
77.15
76.75
76.75
76.8
76.72
76.74
76.71
77.18
76.98
77.3
76.88
76.69
76.87
76.86
76.38
76.25
76.13
76.28
75.99
75.76
78.34
78.3
78.08
78.16
78.09
77.71
77.85
77.6
77.25
77.15
77.1
77.06
77.03
76.92
77
77.11
77.37
77.67
78.21
78.13
77.66
77.76
78.1
77.82
77.7
77.64
77.74
77.67
77.97
78.02
78.07
77.85
77.9
78.03
77.89
78.13
77.95
78.03
77.83
77.94
77.73
76.66
76.75
77.22
76.89
76.91
76.92
76.81
76.84
76.89
76.78
76.78
77.14
77.03
77.01
77.8
77.78
77.4
76.79
76.38
76.19
76.15
76.24
76.53
76.56
76.94
77.12
77.69
77.72
77.55
78.53
78.46
78.95
79.59
79.75
79.85
80.35
80.03
81.26
80.34
80.68
81.25
81.3
81.6
81.55
80.74
81.28
81.64
82.33
82.39
83.19
84
83.56
83.56
83.65
83.44
82.74
82.74
82.92
83.01
82.75
82.14
83.19
81.8
82.88
82.37
82.38
81.51
81.83
80.76
81.02
80.98
80.98
80.56
81.07
81.44
81.66
81.51
81.17
81.45
81.36
81.19
79.85
80.26
79.87
80.02
79.89
79.73
79.94
80.13
79.94
80.4
80.3
79.44
79.2
79.4
79.97
79.49
79.7
79.45
79.6
79.51
78.93
78.69
78.16
78.32
78.66
79.26
79.68
79.62
79.26
79.59
79.43
79.48
79.29
79.05
78.98
79.47
80.13
80.43
79.67
79.46
79.52
79.31
79.78
79.54
79.75
79.95
79.99
79.52
79.53
79.29
79.64
79.41
78.92
79.1
78.72
78.74
78.41
78.34
78.14
78.08
78.36
78.46
78.17
78.11
78.46
78.12
78.55
78.18
78.59
78.46
78.61
78.28
78.44
78.87
79.11
79.38
79.58
79.37
79.27
78.57
78.57
78.81
78.7
78.61
78.68
78.6
78.23
78.38
78.52
78.48
78.89
78.22
78.26
77.89
77.78
77.67
78.61
78.68
78.41
78.36
78.15
77.86
77.78
77.69
77.61
77.94
78.06
78.31
78.53
78.58
78.32
78.3
78.15
78.52
78.35
78.79
78.75
79.16
79.43
79.33
79.95
79.86
79.91
80.26
79.68
79.88
79.66
79.9
80.28
80.5
80.21
80.21
79.97
79.55
79.53
79.64
79.53
80.24
81.18
81.48
81.4
81.86
82.46
82.64
82.01
82.19
82.04
82.1
82.36
82.11
81.92
82.41
82.51
82.56
82.45
82.56
83.37
83.71
83.99
83.92
84.43
84.26
84.43
84.73
85.34
85.71
86.58
87.64
88.08
87.56
87.17
88.2
89.22
89.59
88.55
88.66
89.92
89.84
89.78
88.73
88.61
90.56
91.03
90.51
90.83
91.14
91.76
92.69
92.29
93.66
93.56
93.71
94.27
93.34
93.33
92.96
93.81
93.82
93.67
93.88
93.31
94.07
92.71
92.09
92.51
92.67
93.66
93.4
93.18
94.12
94.94
96.1
96.47
96.07
95.96
96.15
94.96
95.55
95.91
95.08
94.86
94.08
94.62
94.33
93.99
94.38
93.13
93.67
92.88
96.94
98.53
99.37
99.2
99.67
99.63
98.66
96.85
98
97.86
98.29
99.8
99.29
99.64
99.56
99.14
97.92
97.19
97.22
99.16
98.89
98.9
100.96
101.92
101.48
102.14
102.16
102.29
102.85
102.45
102.62
103.5
102.34
100.88
101.63
102.23
101.18
101.17
100.46
99.46
100.3
99.3
97.44
97.73
98.8
96.44
95.3
94.63
94.68
94.84
95.53
96.45
97.2
98.36
97.74
98.15
97.65
98.63
99.43
99.62
100.72
99.93
100.35
101.37
101.07
101.17
99.61
99.07
100.05
99.36
99.71
100.86
100.02
99.46
99.51
100.31
99.31
97.99
98.05
98.09
97.85
99.54
99.16
98.03
97.42
96.73
96.89
96.24
97.42
98.31
97.96
97.23
97.65
97.71
97.51
97.91
98.98
98.72
98.14
97.21
97.85
98.36
98.54
99.68
99.61
99.71
99.98
99.69
99.71
100.33
99.71
99.72
99.17
99.24
98.19
99.55
98.78
98.76
98.34
98.96
97.75
98.4
98.04
97.38
97.3
97.26
96.78
97.16
97.61
98.31
98.54
98.5
98.83
98.13
98.07
98.19
98.08
97.47
97.26
97.57
97.55
98.21
98.51
98.23
98.57
98.56
98.72
98.26
98.97
99.29
99.67
99.31
100.27
100.29
99.89
100.19
100.47
101.24
101.47
101.46
101.39
101.95
102.42
102.49
102.91
102.63
102.45
101.98
103.11
103.36
102.92
102.68
103.63
103.19
103.12
102.84
104.15
104.4
104.26
104.32
104.85
105.02
105.4
104.66
104.46
104.78
104.86
104.95
103.32
104.13
104.87
104.39
104.03
104.46
104.26
104.74
103.5
102.33
102.68
103.15
102.2
102.86
102.28
101.24
101.59
101.59
102.04
102.5
102.5
102.51
102.28
101.44
102.18
102.33
102.25
102.53
102.59
102.55
102.2
102.37
101.9
101.31
101.55
102.26
102.4
103.09
103.23
103.29
102.95
102.78
101.83
101.43
101.84
101.44
102.32
102.35
102.2
102.36
101.86
102.06
102.92
103.2
103.73
103.86
103.9
103.24
102.95
101.99
102.06
101.54
101.44
101.88
102.12
102.14
102.55
102.61
102.66
102.65
102.47
102.39
102.12
102.61
102.26
102.37
101.63
101.95
101.68
102.02
102.21
102.19
101.83
101.63
101.58
101.47
101.31
101.43
101.84
101.98
101.93
101.97
101.75
101.65
101.98
102.41
102.63
102.65
102.37
102.57
102.48
102.35
102.04
101.8
101.98
101.95
102.18
102.01
101.9
102.1
101.83
101.96
101.7
101.51
101.3
101.45
101.59
101.87
102.16
102.2
101.74
101.56
101.55
101.38
101.39
101.65
101.74
101.66
101.26
101.48
101.52
101.54
101.8
101.81
101.86
102.1
102.85
102.84
102.57
102.63
102.61
102.17
102.11
102.16
102.31
102.26
102.5
102.51
102.39
102.63
102.99
103.82
103.96
104.19
104.1
104.12
103.76
103.74
104.14
104.4
105.22
104.93
105.57
105.13
106.06
106.12
106.8
107.22
107.17
107.27
108.53
108.86
108.98
108.68
109.24
108.55
109.37
109.45
109.76
109.09
108.77
109.69
108.95
108.26
108.29
107.78
107.15
107.27
105.92
106.35
107.14
106.86
107.05
107.16
108.01
107.97
107.98
108.14
109.01
109.34
113.79
113.73
114.69
115.15
114.4
114.75
115.83
115.58
116.15
116.44
116.58
117.06
118.21
118.09
118.08
117.77
117.52
118.23
118.94
118.37
119.33
119.87
119.86
121.6
120.98
119.52
117.68
118.89
118.61
117.76
116.93
118.81
119
119.52
120.56
120.24
120.31
120.51
120.53
120.34
119.38
118.84
119.47
119.87
118.02
117.65
117.71
116.44
117.39
117.9
118.63
118.14
118.53
117.71
118.6
117.83
117.71
118.25
117.47
117.35
117.83
117.3
117.5
118.93
118.5
120.2
119.02
118.59
118.35
119.26
118.77
119.1
119.07
118.92
118.82
119.04
119.26
119.89
120.09
119.59
119.82
120.08
120.78
121.47
121.23
121.54
121.44
121.41
121.45
121.34
119.81
120.72
119.97
119.8
119.81
119.4
119.2
119.29
120.27
119.92
119.69
119.7
119.07
119.55
120.25
120.27
120.48
120.23
119.79
119.62
118.97
119.05
118.94
119.36
119.67
120.04
119.54
118.96
119.16
118.99
119.68
119.37
119.86
119.76
120.16
119.79
119.27
119.39
119.64
119.9
120.94
121.06
121.07
121.63
121.76
123
123.65
123.75
124.3
124.82
124.16
124.36
124.51
125.5
124.64
124.47
122.97
123.47
123.48
123.47
123.44
123.39
122.98
122.7
123.44
123.88
123.89
123.56
122.96
122.48
122.62
123.39
123
122.57
122.72
122.4
120.8
121.65
122.52
123.64
123.39
123.85
124.24
124.36
123.77
124.1
124.02
123.64
123.17
123.54
124.09
124.02
124.08
124.06
124.33
124.83
124.75
124.42
124.64
125.13
124.29
124.43
124.43
124.45
124.37
123.83
123.49
121.73
118.9
119.09
120.07
121.12
121.18
121.02
120.29
120.67
119.96
119.07
119.42
120.27
120.24
120.82
120.65
120.64
120.35
120.6
119.83
120.2
120.37
120.46
119.77
119.97
119.87
119.91
120.04
120.48
120.36
120.04
119.99
119.94
119.57
118.99
119.06
119.33
119.54
119.93
119.87
120.95
121.14
120.79
120.4
120.66
120.9
120.58
121.15
121.57
121.74
123.33
123.2
123.03
122.86
122.53
122.55
123.28
123.41
123.56
122.96
122.88
122.44
122.61
122.74
122.82
123.1
122.89
123.31
122.71
123.24
123.27
122.99
121.55
121.95
120.83
121.16
121.8
122.52
122.51
121.3
121.23
120.96
120.15
120.54
120.39
120.54
